
Handles  NPM(K)    PM(K)      WS(K)     CPU(s)     Id  SI ProcessName                                                                                                                                                                       
-------  ------    -----      -----     ------     --  -- -----------                                                                                                                                                                       
   3503     171   167016     185964     332.56   6596   1 explorer                                                                                                                                                                          
   1823      68   148032     185860     290.70   7356   1 chrome                                                                                                                                                                            
    684      49   256872     161836     171.91    468   1 chrome                                                                                                                                                                            
   1096      84    50052      57064     137.38   2460   1 Steam                                                                                                                                                                             
    491      27    37080      46168      82.97  12268   1 chrome                                                                                                                                                                            
   1027      88   202356     222684      71.55   7268   1 chrome                                                                                                                                                                            
    794      42    44884      41712      56.14   6296   1 NVIDIA Share                                                                                                                                                                      
    441      56   108948     128800      42.77  12076   1 chrome                                                                                                                                                                            
   2405     174   194100     227464      42.27   8060   1 SearchUI                                                                                                                                                                          
    498      97    54616      56204      41.05   5980   1 nvcontainer                                                                                                                                                                       
    338      35    73656      72620      32.88   5808   1 NVIDIA Share                                                                                                                                                                      
    368      33    55808      84540      27.66  13536   1 chrome                                                                                                                                                                            
    414      20     7392      11092      19.39   5972   1 nvcontainer                                                                                                                                                                       
    425      30    35244      56152      16.61   7672   1 OpenHardwareMonitor                                                                                                                                                               
    699      19     8296      18836      11.80   6004   1 sihost                                                                                                                                                                            
    264      16    13284      23328      10.91   4060   1 conhost                                                                                                                                                                           
   1101      45    52004      78476      10.08   7752   1 ShellExperienceHost                                                                                                                                                               
    560      34   106376      87608       8.75    788   1 steamwebhelper                                                                                                                                                                    
    791      35    16240      33404       7.63   7332   1 RuntimeBroker                                                                                                                                                                     
    719      79    33544      10232       7.11   6896   1 NVIDIA Web Helper                                                                                                                                                                 
